
basketBall 100.000000 100.000000 -1 -1 -1
brickWall 300.000000 350.000000 1 0 0
basketBall 347.000000 140.000000 -1 -1 -1
brickWall 266.000000 212.000000 1 1 0
-
-
-
-

basketBall 100.000000 100.000000 -1 -1 -1
brickWall 300.000000 350.000000 1 0 0
balloon 282.000000 183.000000 -1 -1 -1
basketBall 455.000000 162.000000 -1 -1 -1
brickWall 447.000000 261.000000 1 1 0
-
-
-
-

basketBall 100.000000 100.000000 -1 -1 -1
brickWall 300.000000 350.000000 1 0 0
basketBall 288.000000 108.000008 -1 -1 -1
conveyor 92.000000 204.000000 1 0 0
brickWall 289.000000 189.000000 4 1 0
brickWall 404.000000 228.000000 5 0 0
brickWall 527.000000 269.000000 1 3 0
conveyor 426.000000 300.000000 4 0 0
balloon 352.000000 446.000000 -1 -1 -1
balloon 399.000000 376.000000 -1 -1 -1
balloon 364.000000 399.000000 -1 -1 -1
balloon 326.000000 393.000000 -1 -1 -1
-
-
-
-
