Zingman Mom
-
"You need to tie the basketball to the basket"
-
balloon 123.000000 300.000000 -1 -1 -1
brickWall 558.000000 80.000000 5 2 0
brickWall 16.000000 81.000000 5 2 0
brickWall 16.000000 196.000000 5 2 0
brickWall 17.000000 303.000000 4 2 0
brickWall 82.000000 353.000000 5 0 0
brickWall 199.000000 353.000000 5 0 0
brickWall 314.000000 351.000000 5 0 0
brickWall 428.000000 350.000000 5 0 0
brickWall 559.000000 186.000000 4 2 0
brickWall 468.000000 15.000000 1 0 0
brickWall 330.000000 14.000000 2 0 0
brickWall 55.000000 15.000000 4 0 0
brickWall 203.000000 17.000000 5 0 0
brickWall 558.000000 289.000000 4 2 0
brickWall 528.000000 350.000000 3 0 0
baseBall 285.000000 73.000000 -1 -1 -1
baseBall 116.000000 136.000000 -1 -1 -1
basketBall 216.000000 107.000000 -1 -1 -1
basketBall 375.000000 45.999985 -1 -1 -1
brickWall 65.000000 65.000015 3 3 0
brickWall 62.000000 308.000000 3 1 0
brickWall 515.000000 302.000000 3 3 0
brickWall 525.000000 99.999992 1 0 0
brickWall 518.000000 138.000000 1 1 0
brickWall 523.000000 187.000000 1 3 0
brickWall 522.000000 239.000000 1 1 0
brickWall 457.000000 315.000000 1 1 0
brickWall 411.000000 313.000000 1 3 0
brickWall 364.000000 316.000000 1 1 0
brickWall 267.000000 316.000000 1 1 0
brickWall 221.000000 315.000000 1 3 0
brickWall 173.000000 317.000000 1 1 0
brickWall 318.000000 314.000000 1 3 0
-
brickWall 5
mouseEngine 3
belt 3
conveyor 3
-
0 38 12 530 8
-
-

Level Editor
-
"Creat a new level"
-
-
basketBall -1
brickWall -1
mouseEngine -1
belt -1
conveyor -1
balloon -1
baseBall -1
trampoline -1
-
0 0 0 530 8
-
-

Zalman Mom
-
"You need to tie the bowlingtball to the basket"
-
brickWall 73.000000 157.000000 1 0 -1
mouseEngine 73.000000 133.000000 -1 -1 -1
brickWall 40.000000 109.999992 5 2 -1
brickWall 73.000000 62.000000 1 0 -1
brickWall 106.000000 109.000000 5 2 -1
conveyor 71.000000 236.999985 -1 -1 -1
brickWall 94.000000 269.000000 1 2 -1
brickWall 126.000000 302.000000 3 0 -1
brickWall 155.000000 253.000015 3 2 -1
brickWall 289.000000 155.000000 1 0 -1
brickWall 289.000000 59.000000 1 0 -1
conveyor 294.000000 239.000000 -1 -1 -1
brickWall 317.000000 271.000000 1 2 -1
brickWall 349.000000 303.000000 3 0 -1
brickWall 378.000000 253.999985 3 2 -1
brickWall 322.000000 108.000008 5 2 -1
baseBall 64.000000 213.000000 -1 -1 -1
baseBall 286.000000 218.000000 -1 -1 -1
brickWall 257.000000 108.000008 5 2 -1
-
basketBall -1
brickWall -1
mouseEngine -1
belt -1
conveyor -1
balloon -1
baseBall -1
trampoline -1
-
0 0 0 0 0
-
-
